4
4
-0.25 0.75 0.60355339059327376220042218105242 -0.10355339059327376220042218105242 
0.75 -0.25 0.60355339059327376220042218105242 -0.10355339059327376220042218105242
0.60355339059327376220042218105242 0.60355339059327376220042218105242 -0.45710678118654752440084436210485 0.25
-0.10355339059327376220042218105242 -0.10355339059327376220042218105242 0.25 0.95710678118654752440084436210485 

